;machine=0 (c64)
	.db 0,0,0,0,0,0,0,0
	.db 0,0,0,0,0,0,0,0
	.db 0,0,0,0,0,0,0,0
	.db 0,0,0,0,0,0,0,0
	.db 0,0,0,0,0,0,0,0
	.db 0,0,0,0,0,0,0,0
	.db 0,0,0,0,0,0,0,0
	.db 0,0,0,0,0,0,0,0
	.db 0,0,0,0,0,0,0,0
	.db 0,0,0,0,0,0,0,0
	.db 0,0,0,0,0,0,0,0
	.db 0,0,0,0,0,0,0,0
	.db 0,0,0,0,0,0,0,0
	.db 0,0,0,0,0,0,0,0
	.db 0,0,0,0,0,0,0,0
	.db 0,0,0,0,0,0,0,0
	.db 0,0,0,0,0,0,0,0
	.db 0,0,0,0,0,0,0,0
	.db 0,0,0,0,0,0,0,0
	.db 0,0,0,0,0,0,0,0
	.db 0,0,0,0,0,0,0,0
	.db 0,0,0,0,0,0,0,0
	.db 0,0,0,0,0,0,0,0
	.db 0,0,0,0,0,0,0,0
	.db 0,0,0,0,0,0,0,0
	.db 0,0,0,0,0,0,0,0
	.db 0,0,0,0,0,0,0,0
	.db 0,0,0,0,0,0,0,0
	.db 0,0,0,0,0,0,0,0
	.db 0,0,0,0,0,0,0,0
	.db 0,0,0,0,0,0,0,0
	.db 0,0,0,0,0,0,0,0
	.db 0,0,0,0,0,0,0,0
	.db 0,0,0,0,0,0,0,0
	.db 0,0,0,0,0,0,0,0
	.db 0,0,0,0,0,0,0,0
	.db 0,0,0,0,0,0,0,0
	.db 0,0,0,0,0,0,0,0
	.db 0,0,0,0,0,0,0,0
	.db 0,0,0,0,0,0,0,0

	.db 0,0,0,0,0,0,0,0
	.db 0,0,0,0,0,0,0,0
	.db 0,0,0,0,0,0,0,0
	.db 0,0,0,0,0,0,0,0
	.db 0,0,0,0,0,0,0,0
	.db 0,0,0,0,0,0,0,0
	.db 0,0,0,0,0,0,0,0
	.db 0,0,0,0,0,0,0,0
	.db 0,0,0,0,0,0,0,0
	.db 0,0,0,0,0,0,0,0
	.db 0,0,0,0,0,0,0,0
	.db 0,0,0,0,0,0,0,0
	.db 0,0,0,0,0,0,0,0
	.db 0,0,0,0,0,0,0,0
	.db 0,0,0,0,0,0,0,0
	.db 0,0,0,0,0,0,0,0
	.db 0,0,0,0,0,0,0,0
	.db 0,0,0,0,0,0,0,0
	.db 0,0,0,0,0,0,0,0
	.db 0,0,0,0,0,0,0,0
	.db 0,0,0,0,0,0,0,0
	.db 0,0,0,0,0,0,0,0
	.db 0,0,0,0,0,0,0,0
	.db 0,0,0,0,0,0,0,0
	.db 0,0,0,0,0,0,0,0
	.db 0,0,0,0,0,0,0,0
	.db 0,0,0,0,0,0,0,0
	.db 0,0,0,0,0,0,0,0
	.db 0,0,0,0,0,0,0,0
	.db 0,0,0,0,0,0,0,0
	.db 0,0,0,0,0,0,0,0
	.db 0,0,0,0,0,0,0,1
	.db 0,0,0,0,0,0,0,104
	.db 0,0,0,0,0,0,0,0
	.db 0,0,0,0,0,0,0,0
	.db 0,0,0,0,0,0,0,0
	.db 0,0,0,0,0,0,0,0
	.db 0,0,0,0,0,0,0,0
	.db 0,0,0,0,0,0,0,0
	.db 0,0,0,0,0,0,0,0

	.db 63,3,0,0,0,0,0,0
	.db 0,0,204,204,204,204,204,204
	.db 0,0,1,31,31,31,63,63
	.db 255,160,175,0,0,0,0,0
	.db 208,63,195,60,7,1,0,0
	.db 0,128,240,124,31,199,99,25
	.db 0,0,0,0,0,128,224,240
	.db 0,0,0,0,0,0,0,0
	.db 0,0,0,0,0,0,0,0
	.db 0,0,0,0,0,0,0,0
	.db 227,195,193,129,144,152,24,24
	.db 0,0,0,0,0,0,128,128
	.db 0,0,0,0,0,0,0,0
	.db 15,0,0,0,0,0,0,0
	.db 255,251,57,24,12,4,6,6
	.db 224,224,240,240,248,120,124,60
	.db 0,0,0,0,0,0,0,0
	.db 0,0,0,0,0,0,0,0
	.db 0,0,0,0,0,0,0,0
	.db 0,0,0,0,0,0,0,0
	.db 1,3,3,7,6,14,12,28
	.db 0,3,15,15,15,15,15,15
	.db 248,0,0,0,0,0,0,0
	.db 0,0,0,0,0,0,0,0
	.db 0,0,0,0,0,0,0,0
	.db 227,195,193,129,144,152,24,24
	.db 0,0,0,0,0,0,128,128
	.db 0,0,0,0,0,0,0,0
	.db 0,0,0,0,0,0,0,0
	.db 0,0,0,0,0,0,1,2
	.db 0,1,6,25,103,207,62,120
	.db 56,135,63,240,192,0,0,0
	.db 23,255,0,0,0,0,0,0
	.db 255,255,7,0,0,0,0,0
	.db 248,248,252,56,28,8,8,8
	.db 255,15,1,1,1,1,0,1
	.db 0,0,96,112,96,112,96,112
	.db 255,255,254,0,0,0,0,0
	.db 255,255,170,0,0,0,0,0
	.db 240,240,240,48,48,48,16,16

	.db 0,0,0,0,0,0,0,0
	.db 51,51,19,51,19,19,19,19
	.db 192,192,192,192,192,192,192,192
	.db 0,0,0,0,0,0,0,0
	.db 0,0,0,0,0,0,0,0
	.db 12,4,2,1,1,0,0,0
	.db 7,131,195,225,96,112,48,184
	.db 0,0,0,0,0,0,128,128
	.db 0,0,0,0,0,0,0,0
	.db 1,1,1,3,3,3,7,6
	.db 227,243,241,145,153,8,4,4
	.db 128,192,192,224,224,240,240,112
	.db 0,0,0,0,0,0,0,0
	.db 0,0,0,0,0,0,0,0
	.db 7,3,7,3,7,7,7,7
	.db 195,225,96,48,176,152,220,236
	.db 0,0,0,0,0,128,192,192
	.db 0,0,0,0,0,0,0,0
	.db 0,0,0,0,0,0,0,0
	.db 0,0,0,0,0,0,0,1
	.db 24,60,60,124,108,236,196,196
	.db 240,240,240,240,240,240,240,112
	.db 0,0,0,0,0,0,0,0
	.db 0,0,0,0,0,0,0,0
	.db 1,1,1,3,3,3,7,6
	.db 227,243,241,145,153,8,4,4
	.db 128,192,192,224,224,240,240,112
	.db 0,0,0,0,0,0,0,0
	.db 0,0,0,0,0,0,0,0
	.db 4,9,25,19,39,103,79,79
	.db 240,224,224,192,128,128,0,0
	.db 0,0,0,0,0,0,0,0
	.db 0,0,0,0,0,0,0,0
	.db 0,0,0,0,0,0,0,0
	.db 12,4,4,0,0,0,0,0
	.db 0,0,0,0,0,0,0,0
	.db 97,112,97,113,97,113,97,113
	.db 0,0,0,0,0,0,0,0
	.db 0,0,0,0,0,0,0,0
	.db 16,8,8,0,0,0,0,0

	.db 0,0,0,0,0,0,0,0
	.db 19,19,19,19,19,19,19,19
	.db 192,192,192,192,192,192,192,192
	.db 0,0,0,0,0,0,0,0
	.db 0,0,0,0,0,0,0,0
	.db 0,0,0,0,0,0,0,0
	.db 103,35,35,35,51,49,17,17
	.db 192,192,192,192,224,224,224,224
	.db 0,0,0,0,0,0,0,0
	.db 14,14,12,28,24,56,48,48
	.db 2,2,2,1,1,0,0,0
	.db 135,135,195,195,227,97,113,176
	.db 0,0,0,0,0,0,0,0
	.db 0,0,0,0,0,0,0,0
	.db 7,6,7,6,6,6,6,6
	.db 17,9,8,4,4,2,2,1
	.db 224,224,240,240,120,120,60,60
	.db 0,0,0,0,0,0,0,0
	.db 0,0,0,0,0,0,0,0
	.db 1,3,3,7,14,14,28,28
	.db 132,132,4,4,0,6,0,2
	.db 240,112,120,112,120,112,120,120
	.db 0,0,0,0,0,0,0,0
	.db 0,0,0,0,0,0,0,0
	.db 14,14,12,28,24,56,48,48
	.db 2,2,2,1,1,0,0,0
	.db 135,135,195,195,227,97,113,176
	.db 0,0,0,0,0,0,0,0
	.db 0,0,1,1,1,1,3,1
	.db 48,97,97,97,225,225,195,195
	.db 0,0,0,0,0,0,0,0
	.db 0,0,0,0,0,0,0,0
	.db 0,0,0,0,0,0,0,0
	.db 0,0,0,0,0,0,0,0
	.db 0,0,0,0,0,0,0,0
	.db 0,0,0,0,0,0,0,0
	.db 97,113,97,113,97,113,97,112
	.db 0,0,0,0,0,0,0,0
	.db 0,0,0,0,0,1,1,1
	.db 0,0,128,128,128,128,128,128

	.db 0,0,0,0,0,0,0,0
	.db 19,19,19,19,19,19,19,19
	.db 192,192,192,192,192,192,192,192
	.db 0,0,0,0,0,0,0,0
	.db 0,0,0,0,0,0,0,0
	.db 0,0,0,0,0,0,0,0
	.db 17,17,17,17,17,17,17,49
	.db 224,224,224,224,224,224,224,224
	.db 0,0,0,0,0,1,1,3
	.db 112,96,224,192,192,192,128,128
	.db 0,0,0,0,0,0,0,0
	.db 79,71,39,35,19,19,17,9
	.db 0,128,128,128,192,192,224,224
	.db 0,0,0,0,0,0,0,0
	.db 6,6,14,6,14,14,12,14
	.db 1,0,0,0,0,0,0,0
	.db 30,143,79,71,39,35,19,17
	.db 0,0,0,128,128,192,192,224
	.db 0,0,0,0,0,0,1,1
	.db 56,48,112,96,224,192,192,128
	.db 2,2,2,2,2,2,2,2
	.db 120,120,120,120,56,120,56,56
	.db 0,0,0,0,0,0,0,0
	.db 0,0,0,0,0,1,1,3
	.db 112,96,224,192,192,192,128,128
	.db 0,0,0,0,0,0,0,0
	.db 79,71,39,35,19,19,17,9
	.db 0,128,128,128,192,192,224,224
	.db 3,3,3,3,3,3,3,1
	.db 195,195,195,195,195,193,225,225
	.db 0,0,0,0,0,0,0,0
	.db 0,0,0,0,0,0,0,0
	.db 0,0,0,0,0,0,0,0
	.db 0,0,0,0,0,0,0,0
	.db 0,0,0,0,0,0,0,0
	.db 0,0,0,0,0,0,0,0
	.db 96,112,96,112,97,113,97,113
	.db 255,255,0,0,0,0,0,0
	.db 255,255,1,1,1,0,0,0
	.db 128,128,128,128,128,128,128,128

	.db 0,0,0,0,0,0,0,0
	.db 19,19,19,51,19,51,19,19
	.db 192,192,192,192,192,192,192,192
	.db 0,0,0,0,0,0,0,0
	.db 0,0,0,0,0,0,0,0
	.db 0,0,0,0,0,0,0,1
	.db 204,220,220,152,184,56,112,112
	.db 192,192,192,192,128,128,0,0
	.db 3,3,7,7,14,14,12,28
	.db 0,160,255,85,0,0,0,0
	.db 0,0,255,85,0,0,0,0
	.db 8,188,252,86,2,0,1,1
	.db 224,240,112,120,120,60,60,28
	.db 0,0,0,0,0,0,0,0
	.db 12,12,12,12,12,28,12,28
	.db 0,0,0,0,0,0,0,0
	.db 9,8,4,4,2,2,1,0
	.db 31,15,15,135,131,195,225,96
	.db 3,3,7,6,12,28,24,56
	.db 128,0,0,0,0,0,0,0
	.db 2,2,0,3,0,3,1,1
	.db 56,60,56,60,60,60,60,60
	.db 0,0,0,0,0,0,0,0
	.db 3,3,7,7,14,14,12,28
	.db 0,160,255,85,0,0,0,0
	.db 0,0,255,85,0,0,0,0
	.db 8,188,252,86,2,0,1,1
	.db 224,240,112,120,120,60,60,28
	.db 1,1,1,0,0,0,0,0
	.db 225,96,112,112,56,184,156,220
	.db 0,0,0,128,128,192,192,224
	.db 0,0,0,0,0,0,0,0
	.db 3,0,0,0,0,0,0,0
	.db 255,7,1,1,1,1,1,1
	.db 0,64,225,225,225,225,225,225
	.db 240,0,0,0,0,0,0,0
	.db 97,113,97,113,97,113,97,113
	.db 0,0,0,0,0,0,0,0
	.db 0,0,0,0,0,0,0,0
	.db 128,0,0,0,0,0,0,0

	.db 0,0,0,0,0,0,0,0
	.db 51,51,51,51,51,51,51,51
	.db 192,192,192,192,192,192,192,192
	.db 0,0,0,0,0,0,0,0
	.db 0,0,0,0,0,0,0,1
	.db 1,3,6,12,24,49,71,143
	.db 30,60,60,120,240,224,192,0
	.db 0,0,0,0,0,0,0,0
	.db 24,24,56,48,112,112,224,224
	.db 0,0,0,0,0,0,0,0
	.db 0,0,0,0,0,0,0,0
	.db 0,0,0,0,0,0,0,0
	.db 97,113,176,176,184,152,220,204
	.db 0,0,0,0,128,128,192,192
	.db 28,28,28,28,28,28,28,28
	.db 0,0,0,0,0,0,0,0
	.db 0,0,0,0,0,0,0,0
	.db 143,79,71,39,35,19,17,11
	.db 48,240,224,224,192,192,128,128
	.db 0,0,0,0,0,0,0,0
	.db 1,1,1,1,1,1,1,1
	.db 60,60,28,62,28,30,30,30
	.db 0,0,0,0,0,0,0,0
	.db 24,24,56,48,112,112,224,224
	.db 0,0,0,0,0,0,0,0
	.db 0,0,0,0,0,0,0,0
	.db 0,0,0,0,0,0,0,0
	.db 97,113,176,176,184,152,220,204
	.db 0,0,0,0,128,128,192,192
	.db 49,24,12,6,7,1,0,0
	.db 15,7,131,193,224,112,60,143
	.db 0,0,0,0,0,192,240,252
	.db 0,0,0,0,0,0,0,0
	.db 1,1,1,1,1,1,1,3
	.db 28,30,28,28,28,28,60,252
	.db 0,1,0,1,0,1,1,1
	.db 97,113,96,113,96,113,96,112
	.db 0,0,0,0,0,0,0,0
	.db 0,0,0,0,0,0,0,0
	.db 0,8,8,8,24,24,24,56

	.db 0,0,0,63,0,0,0,0
	.db 51,51,255,255,0,0,0,0
	.db 240,255,255,255,0,0,0,0
	.db 0,128,242,255,0,0,0,0
	.db 14,240,15,248,0,0,0,0
	.db 62,248,192,0,0,0,0,0
	.db 0,0,0,0,0,0,0,0
	.db 1,1,7,127,0,0,0,0
	.db 224,192,224,255,0,0,0,0
	.db 0,0,0,128,0,0,0,0
	.db 0,0,0,0,0,0,0,0
	.db 0,0,0,31,0,0,0,0
	.db 51,49,189,255,0,0,0,0
	.db 224,224,248,255,0,0,0,0
	.db 60,60,126,255,0,0,0,0
	.db 0,0,0,224,0,0,0,0
	.db 0,0,0,0,0,0,0,0
	.db 15,7,6,2,0,0,0,0
	.db 0,0,0,0,0,0,0,0
	.db 0,0,0,0,0,0,0,0
	.db 1,3,11,255,0,0,0,0
	.db 30,30,223,255,0,0,0,0
	.db 1,1,135,255,0,0,0,0
	.db 224,192,224,255,0,0,0,0
	.db 0,0,0,128,0,0,0,0
	.db 0,0,0,0,0,0,0,0
	.db 0,0,0,31,0,0,0,0
	.db 51,49,189,255,0,0,0,0
	.db 224,224,248,255,0,0,0,0
	.db 0,0,0,0,0,0,0,0
	.db 28,7,0,0,0,0,0,0
	.db 63,131,240,31,0,0,0,0
	.db 224,255,7,255,0,0,0,0
	.db 191,255,248,0,0,0,0,0
	.db 224,128,0,0,0,0,0,0
	.db 1,1,7,255,0,0,0,0
	.db 159,143,255,255,0,0,0,0
	.db 128,254,255,255,0,0,0,0
	.db 0,171,255,255,0,0,0,0
	.db 56,240,248,240,0,0,0,0

	.db 0,0,0,0,0,0,0,0
	.db 0,0,0,0,0,0,0,0
	.db 0,0,0,0,0,0,0,0
	.db 0,0,0,0,0,0,0,0
	.db 0,0,0,0,0,0,0,0
	.db 0,0,0,0,0,0,0,0
	.db 0,0,0,0,0,0,0,0
	.db 0,0,0,0,0,0,0,0
	.db 0,0,0,0,0,0,0,0
	.db 0,0,0,0,0,0,0,0
	.db 0,0,0,0,0,0,0,0
	.db 0,0,0,0,0,0,0,0
	.db 0,0,0,0,0,0,0,0
	.db 0,0,0,0,0,0,0,0
	.db 0,0,0,0,0,0,0,0
	.db 0,0,0,0,0,0,0,0
	.db 0,0,0,0,0,0,0,0
	.db 0,0,0,0,0,0,0,0
	.db 0,0,0,0,0,0,0,0
	.db 0,0,0,0,0,0,0,0
	.db 0,0,0,0,0,0,0,0
	.db 0,0,0,0,0,0,0,0
	.db 0,0,0,0,0,0,0,0
	.db 0,0,0,0,0,0,0,0
	.db 0,0,0,0,0,0,0,0
	.db 0,0,0,0,0,0,0,0
	.db 0,0,0,0,0,0,0,0
	.db 0,0,0,0,0,0,0,0
	.db 0,0,0,0,0,0,0,0
	.db 0,0,0,0,0,0,0,0
	.db 0,0,0,0,0,0,0,0
	.db 0,0,0,0,0,0,0,0
	.db 0,0,0,0,0,0,0,0
	.db 0,0,0,0,0,0,0,0
	.db 0,0,0,0,0,0,0,0
	.db 0,0,0,0,0,0,0,0
	.db 0,0,0,0,0,0,0,0
	.db 0,0,0,0,0,0,0,0
	.db 0,0,0,0,0,0,0,0
	.db 0,0,0,0,0,0,0,0

	.db 0,0,0,0,0,0,0,0
	.db 0,0,0,0,0,0,0,0
	.db 0,0,0,0,0,0,0,0
	.db 0,0,0,0,0,0,0,0
	.db 0,0,0,0,0,0,0,0
	.db 0,0,0,0,0,0,0,0
	.db 0,0,0,0,0,0,0,0
	.db 0,0,0,0,0,0,0,0
	.db 0,0,0,0,0,0,0,0
	.db 0,0,0,0,0,0,0,0
	.db 0,0,0,0,0,0,0,0
	.db 0,0,0,0,0,0,0,0
	.db 0,0,0,0,0,0,0,0
	.db 0,0,0,0,0,0,0,0
	.db 0,0,0,0,0,0,0,0
	.db 0,0,0,0,0,0,0,0
	.db 0,0,0,0,0,0,0,0
	.db 0,0,0,0,0,0,0,0
	.db 0,0,0,0,0,0,0,0
	.db 0,0,0,0,0,0,0,0
	.db 0,0,0,0,0,0,0,0
	.db 0,0,0,0,0,0,0,0
	.db 0,0,0,0,0,0,0,0
	.db 0,0,0,0,0,0,0,0
	.db 0,0,0,0,0,0,0,0
	.db 0,0,0,0,0,0,0,0
	.db 0,0,0,0,0,0,0,0
	.db 0,0,0,0,0,0,0,0
	.db 0,0,0,0,0,0,0,0
	.db 0,0,0,0,0,0,0,0
	.db 0,0,0,0,0,0,0,0
	.db 0,0,0,0,0,0,0,0
	.db 0,0,0,0,0,0,0,0
	.db 0,0,0,0,0,0,0,0
	.db 0,0,0,0,0,0,0,0
	.db 0,0,0,0,0,0,0,0
	.db 0,0,0,0,0,0,0,0
	.db 0,0,0,0,0,0,0,0
	.db 0,0,0,0,0,0,0,0
	.db 0,0,0,0,0,0,0,0

	.db 0,0,0,0,0,0,0,0
	.db 0,0,0,0,0,0,0,0
	.db 0,0,0,0,0,0,0,0
	.db 0,0,0,0,0,0,0,0
	.db 0,0,0,0,0,0,0,0
	.db 0,0,0,0,0,0,0,0
	.db 0,0,0,0,0,0,0,0
	.db 0,0,0,0,0,0,0,0
	.db 0,0,0,0,0,0,0,0
	.db 0,0,0,0,0,0,0,0
	.db 0,0,0,0,0,0,0,0
	.db 0,0,0,0,0,0,0,0
	.db 0,0,0,0,0,0,0,0
	.db 0,0,0,0,0,0,0,0
	.db 0,0,0,0,0,0,0,0
	.db 0,0,0,0,0,0,0,0
	.db 0,0,0,0,0,0,0,0
	.db 0,0,0,0,0,0,0,0
	.db 0,0,0,0,0,0,0,0
	.db 0,0,0,0,0,0,0,0
	.db 0,0,0,0,0,0,0,0
	.db 0,0,0,0,0,0,0,0
	.db 0,0,0,0,0,0,0,0
	.db 0,0,0,0,0,0,0,0
	.db 0,0,0,0,0,0,0,0
	.db 0,0,0,0,0,0,0,0
	.db 0,0,0,0,0,0,0,0
	.db 0,0,0,0,0,0,0,0
	.db 0,0,0,0,0,0,0,0
	.db 0,0,0,0,0,0,0,0
	.db 0,0,0,0,0,0,0,0
	.db 0,0,0,0,0,0,0,0
	.db 0,0,0,0,0,0,0,0
	.db 0,0,0,0,0,0,0,0
	.db 0,0,0,0,0,0,0,0
	.db 0,0,0,0,0,0,0,0
	.db 0,0,0,0,0,0,0,0
	.db 0,0,0,0,0,0,0,0
	.db 0,0,0,0,0,0,0,0
	.db 0,0,0,0,0,0,0,0

	.db 0,0,0,0,0,0,0,0
	.db 0,0,0,0,0,0,0,0
	.db 0,0,0,0,0,0,0,0
	.db 0,0,0,0,0,0,0,0
	.db 0,0,0,0,0,0,0,0
	.db 0,0,0,0,0,0,0,0
	.db 0,0,0,0,0,0,0,0
	.db 0,0,0,0,0,0,0,0
	.db 0,0,0,0,0,0,0,0
	.db 0,0,0,0,0,0,0,0
	.db 0,0,0,0,0,0,0,0
	.db 0,0,0,0,0,0,0,0
	.db 0,0,0,0,0,0,0,0
	.db 0,0,0,0,0,0,0,0
	.db 0,0,0,0,0,0,0,0
	.db 0,0,0,0,0,0,0,0
	.db 0,0,0,0,0,0,0,0
	.db 0,0,0,0,0,0,0,0
	.db 0,0,0,0,0,0,0,0
	.db 0,0,0,0,0,0,0,0
	.db 0,0,0,0,0,0,0,0
	.db 0,0,0,0,0,0,0,0
	.db 0,0,0,0,0,0,0,0
	.db 0,0,0,0,0,0,0,0
	.db 0,0,0,0,0,0,0,0
	.db 0,0,0,0,0,0,0,0
	.db 0,0,0,0,0,0,0,0
	.db 0,0,0,0,0,0,0,0
	.db 0,0,0,0,0,0,0,0
	.db 0,0,0,0,0,0,0,0
	.db 0,0,0,0,0,0,0,0
	.db 0,0,0,0,0,0,0,0
	.db 0,0,0,0,0,0,0,0
	.db 0,0,0,0,0,0,0,0
	.db 0,0,0,0,0,0,0,0
	.db 0,0,0,0,0,0,0,0
	.db 0,0,0,0,0,0,0,0
	.db 0,0,0,0,0,0,0,0
	.db 0,0,0,0,0,0,0,0
	.db 0,0,0,0,0,0,0,0

	.db 0,0,0,0,0,0,0,0
	.db 0,0,0,0,0,0,0,0
	.db 0,0,0,0,0,0,0,0
	.db 0,0,0,0,0,0,0,0
	.db 0,0,0,0,0,0,0,0
	.db 0,0,0,0,0,0,0,0
	.db 0,0,0,0,0,0,0,0
	.db 0,0,0,0,0,0,0,0
	.db 0,0,0,0,0,0,0,0
	.db 0,0,0,0,0,0,0,0
	.db 0,0,0,0,0,0,0,0
	.db 0,0,0,0,0,0,0,0
	.db 0,0,0,0,0,0,0,0
	.db 0,0,0,0,0,0,0,0
	.db 0,0,0,0,0,0,0,0
	.db 0,0,0,0,0,0,0,0
	.db 0,0,0,0,0,0,0,0
	.db 0,0,0,0,0,0,0,0
	.db 0,0,0,0,0,0,0,0
	.db 0,0,0,0,0,0,0,0
	.db 0,0,0,0,0,0,0,0
	.db 0,0,0,0,0,0,0,0
	.db 0,0,0,0,0,0,0,0
	.db 0,0,0,0,0,0,0,0
	.db 0,0,0,0,0,0,0,0
	.db 0,0,0,0,0,0,0,0
	.db 0,0,0,0,0,0,0,0
	.db 0,0,0,0,0,0,0,0
	.db 0,0,0,0,0,0,0,0
	.db 0,0,0,0,0,0,0,0
	.db 0,0,0,0,0,0,0,0
	.db 0,0,0,0,0,0,0,0
	.db 0,0,0,0,0,0,0,0
	.db 0,0,0,0,0,0,0,0
	.db 0,0,0,0,0,0,0,0
	.db 0,0,0,0,0,0,0,0
	.db 0,0,0,0,0,0,0,0
	.db 0,0,0,0,0,0,0,0
	.db 0,0,0,0,0,0,0,0
	.db 0,0,0,0,0,0,0,0

	.db 0,0,0,0,0,0,0,0
	.db 0,0,0,0,0,0,0,0
	.db 0,0,0,0,0,0,0,0
	.db 0,0,0,0,0,0,0,0
	.db 0,0,0,0,0,0,0,0
	.db 0,0,0,0,0,0,0,0
	.db 0,0,0,0,0,0,0,0
	.db 0,0,0,0,0,0,0,0
	.db 0,0,0,0,0,0,0,0
	.db 0,0,0,0,0,0,0,0
	.db 0,0,0,0,0,0,0,0
	.db 0,0,0,0,0,0,0,0
	.db 0,0,0,0,0,0,0,0
	.db 0,0,0,0,0,0,0,0
	.db 0,0,0,0,0,0,0,0
	.db 0,0,0,0,0,0,0,0
	.db 0,0,0,0,0,0,0,0
	.db 0,0,0,0,0,0,0,0
	.db 0,0,0,0,0,0,0,0
	.db 0,0,0,0,0,0,0,0
	.db 0,0,0,0,0,0,0,0
	.db 0,0,0,0,0,0,0,0
	.db 0,0,0,0,0,0,0,0
	.db 0,0,0,0,0,0,0,0
	.db 0,0,0,0,0,0,0,0
	.db 0,0,0,0,0,0,0,0
	.db 0,0,0,0,0,0,0,0
	.db 0,0,0,0,0,0,0,0
	.db 0,0,0,0,0,0,0,0
	.db 0,0,0,0,0,0,0,0
	.db 0,0,0,0,0,0,0,0
	.db 0,0,0,0,0,0,0,0
	.db 0,0,0,0,0,0,0,0
	.db 0,0,0,0,0,0,0,0
	.db 0,0,0,0,0,0,0,0
	.db 0,0,0,0,0,0,0,0
	.db 0,0,0,0,0,0,0,0
	.db 0,0,0,0,0,0,0,0
	.db 0,0,0,0,0,0,0,0
	.db 0,0,0,0,0,0,0,0

	.db 0,0,0,0,0,0,0,0
	.db 0,0,0,0,0,0,0,0
	.db 0,0,0,0,0,0,0,0
	.db 0,0,0,0,0,0,0,0
	.db 0,0,0,0,0,0,0,0
	.db 0,0,0,0,0,0,0,0
	.db 0,0,0,0,0,0,0,0
	.db 0,0,0,0,0,0,0,0
	.db 0,0,0,0,0,0,0,0
	.db 0,0,0,0,0,0,0,0
	.db 0,0,0,0,0,0,0,0
	.db 0,0,0,0,0,0,0,0
	.db 0,0,0,0,0,0,0,0
	.db 0,0,0,0,0,0,0,0
	.db 0,0,0,0,0,0,0,0
	.db 0,0,0,0,0,0,0,0
	.db 0,0,0,0,0,0,0,0
	.db 0,0,0,0,0,0,0,0
	.db 0,0,0,0,0,0,0,0
	.db 0,0,0,0,0,0,0,0
	.db 0,0,0,0,0,0,0,0
	.db 0,0,0,0,0,0,0,0
	.db 0,0,0,0,0,0,0,0
	.db 0,0,0,0,0,0,0,0
	.db 0,0,0,0,0,0,0,0
	.db 0,0,0,0,0,0,0,0
	.db 0,0,0,0,0,0,0,0
	.db 0,0,0,0,0,0,0,0
	.db 0,0,0,0,0,0,0,0
	.db 0,0,0,0,0,0,0,0
	.db 0,0,0,0,0,0,0,0
	.db 0,0,0,0,0,0,0,0
	.db 0,0,0,0,0,0,0,0
	.db 0,0,0,0,0,0,0,0
	.db 0,0,0,0,0,0,0,0
	.db 0,0,0,0,0,0,0,0
	.db 0,0,0,0,0,0,0,0
	.db 0,0,0,0,0,0,0,0
	.db 0,0,0,0,0,0,0,0
	.db 0,0,0,0,0,0,0,0

	.db 0,0,0,0,0,0,0,0
	.db 0,0,0,0,0,0,0,0
	.db 0,0,0,0,0,0,0,0
	.db 0,0,0,0,0,0,0,0
	.db 0,0,0,0,0,0,0,0
	.db 0,0,0,0,0,0,0,0
	.db 0,0,0,0,0,0,0,0
	.db 0,0,0,0,0,0,0,0
	.db 0,0,0,0,0,0,0,0
	.db 0,0,0,0,0,0,0,0
	.db 0,0,0,0,0,0,0,0
	.db 0,0,0,0,0,0,0,0
	.db 0,0,0,0,0,0,0,0
	.db 0,0,0,0,0,0,0,0
	.db 0,0,0,0,0,0,0,0
	.db 0,0,0,0,0,0,0,0
	.db 0,0,0,0,0,0,0,0
	.db 0,0,0,0,0,0,0,0
	.db 0,0,0,0,0,0,0,0
	.db 0,0,0,0,0,0,0,0
	.db 0,0,0,0,0,0,0,0
	.db 0,0,0,0,0,0,0,0
	.db 0,0,0,0,0,0,0,0
	.db 0,0,0,0,0,0,0,0
	.db 0,0,0,0,0,0,0,0
	.db 0,0,0,0,0,0,0,0
	.db 0,0,0,0,0,0,0,0
	.db 0,0,0,0,0,0,0,0
	.db 0,0,0,0,0,0,0,0
	.db 0,0,0,0,0,0,0,0
	.db 0,0,0,0,0,0,0,0
	.db 0,0,0,0,0,0,0,0
	.db 0,0,0,0,0,0,0,0
	.db 0,0,0,0,0,0,0,0
	.db 0,0,0,0,0,0,0,0
	.db 0,0,0,0,0,0,0,0
	.db 0,0,0,0,0,0,0,0
	.db 0,0,0,0,0,0,0,0
	.db 0,0,0,0,0,0,0,0
	.db 0,0,0,0,0,0,0,0

	.db 0,0,0,0,0,0,0,0
	.db 0,0,0,0,0,0,0,0
	.db 0,0,0,0,0,0,0,0
	.db 0,0,0,0,0,0,0,0
	.db 0,0,0,0,0,0,0,0
	.db 0,0,0,0,0,0,0,0
	.db 0,0,0,0,0,0,0,0
	.db 0,0,0,0,0,0,0,0
	.db 0,0,0,0,0,0,0,0
	.db 0,0,0,0,0,0,0,0
	.db 0,0,0,0,0,0,0,0
	.db 0,0,0,0,0,0,0,0
	.db 0,0,0,0,0,0,0,0
	.db 0,0,0,0,0,0,0,0
	.db 0,0,0,0,0,0,0,0
	.db 0,0,0,0,0,0,0,0
	.db 0,0,0,0,0,0,0,0
	.db 0,0,0,0,0,0,0,0
	.db 0,0,0,0,0,0,0,0
	.db 0,0,0,0,0,0,0,0
	.db 0,0,0,0,0,0,0,0
	.db 0,0,0,0,0,0,0,0
	.db 0,0,0,0,0,0,0,0
	.db 0,0,0,0,0,0,0,0
	.db 0,0,0,0,0,0,0,0
	.db 0,0,0,0,0,0,0,0
	.db 0,0,0,0,0,0,0,0
	.db 0,0,0,0,0,0,0,0
	.db 0,0,0,0,0,0,0,0
	.db 0,0,0,0,0,0,0,0
	.db 0,0,0,0,0,0,0,0
	.db 0,0,0,0,0,0,0,0
	.db 0,0,0,0,0,0,0,0
	.db 0,0,0,0,0,0,0,0
	.db 0,0,0,0,0,0,0,0
	.db 0,0,0,0,0,0,0,0
	.db 0,0,0,0,0,0,0,0
	.db 0,0,0,0,0,0,0,0
	.db 0,0,0,0,0,0,0,0
	.db 0,0,0,0,0,0,0,0

	.db 0,0,0,0,0,0,0,0
	.db 0,0,0,0,0,0,0,0
	.db 0,0,0,0,0,0,0,0
	.db 0,0,0,0,0,0,0,0
	.db 0,0,0,0,0,0,0,0
	.db 0,0,0,0,0,0,0,0
	.db 0,0,0,0,0,0,0,0
	.db 0,0,0,0,0,0,0,0
	.db 0,0,0,0,0,0,0,0
	.db 0,0,0,0,0,0,0,0
	.db 0,0,0,0,0,0,0,0
	.db 0,0,0,0,0,0,0,0
	.db 0,0,0,0,0,0,0,0
	.db 0,0,0,0,0,0,0,0
	.db 0,0,0,0,0,0,0,0
	.db 0,0,0,0,0,0,0,0
	.db 0,0,0,0,0,0,0,0
	.db 0,0,0,0,0,0,0,0
	.db 0,0,0,0,0,0,0,0
	.db 0,0,0,0,0,0,0,0
	.db 0,0,0,0,0,0,0,0
	.db 0,0,0,0,0,0,0,0
	.db 0,0,0,0,0,0,0,0
	.db 0,0,0,0,0,0,0,0
	.db 0,0,0,0,0,0,0,0
	.db 0,0,0,0,0,0,0,0
	.db 0,0,0,0,0,0,0,0
	.db 0,0,0,0,0,0,0,0
	.db 0,0,0,0,0,0,0,0
	.db 0,0,0,0,0,0,0,0
	.db 0,0,0,0,0,0,0,0
	.db 0,0,0,0,0,0,0,0
	.db 0,0,0,0,0,0,0,0
	.db 0,0,0,0,0,0,0,0
	.db 0,0,0,0,0,0,0,0
	.db 0,0,0,0,0,0,0,0
	.db 0,0,0,0,0,0,0,0
	.db 0,0,0,0,0,0,0,0
	.db 0,0,0,0,0,0,0,0
	.db 0,0,0,0,0,0,0,0

	.db 0,0,0,0,0,0,0,0
	.db 0,0,0,0,0,0,0,0
	.db 0,0,0,0,0,0,0,0
	.db 0,0,0,0,0,0,0,0
	.db 0,0,0,0,0,0,0,0
	.db 0,0,0,0,0,0,0,0
	.db 0,0,0,0,0,0,0,0
	.db 0,0,0,0,0,0,0,0
	.db 0,0,0,0,0,0,0,0
	.db 0,0,0,0,0,0,0,0
	.db 0,0,0,0,0,0,0,0
	.db 0,0,0,0,0,0,0,0
	.db 0,0,0,0,0,0,0,0
	.db 0,0,0,0,0,0,0,0
	.db 0,0,0,0,0,0,0,0
	.db 0,0,0,0,0,0,0,0
	.db 0,0,0,0,0,0,0,0
	.db 0,0,0,0,0,0,0,0
	.db 0,0,0,0,0,0,0,0
	.db 0,0,0,0,0,0,0,0
	.db 0,0,0,0,0,0,0,0
	.db 0,0,0,0,0,0,0,0
	.db 0,0,0,0,0,0,0,0
	.db 0,0,0,0,0,0,0,0
	.db 0,0,0,0,0,0,0,0
	.db 0,0,0,0,0,0,0,0
	.db 0,0,0,0,0,0,0,0
	.db 0,0,0,0,0,0,0,0
	.db 0,0,0,0,0,0,0,0
	.db 0,0,0,0,0,0,0,0
	.db 0,0,0,0,0,0,0,0
	.db 0,0,0,0,0,0,0,0
	.db 0,0,0,0,0,0,0,0
	.db 0,0,0,0,0,0,0,0
	.db 0,0,0,0,0,0,0,0
	.db 0,0,0,0,0,0,0,0
	.db 0,0,0,0,0,0,0,0
	.db 0,0,0,0,0,0,0,0
	.db 0,0,0,0,0,0,0,0
	.db 0,0,0,0,0,0,0,0

	.db 0,0,0,0,0,0,0,0
	.db 0,0,0,0,0,0,0,0
	.db 0,0,0,0,0,0,0,0
	.db 0,0,0,0,0,0,0,0
	.db 0,0,0,0,0,0,0,0
	.db 0,0,0,0,0,0,0,0
	.db 0,0,0,0,0,0,0,0
	.db 0,0,0,0,0,0,0,0
	.db 0,0,0,0,0,0,0,0
	.db 0,0,0,0,0,0,0,0
	.db 0,0,0,0,0,0,0,0
	.db 0,0,0,0,0,0,0,0
	.db 0,0,0,0,0,0,0,0
	.db 0,0,0,0,0,0,0,0
	.db 0,0,0,0,0,0,0,0
	.db 0,0,0,0,0,0,0,0
	.db 0,0,0,0,0,0,0,0
	.db 0,0,0,0,0,0,0,0
	.db 0,0,0,0,0,0,0,0
	.db 0,0,0,0,0,0,0,0
	.db 0,0,0,0,0,0,0,0
	.db 0,0,0,0,0,0,0,0
	.db 0,0,0,0,0,0,0,0
	.db 0,0,0,0,0,0,0,0
	.db 0,0,0,0,0,0,0,0
	.db 0,0,0,0,0,0,0,0
	.db 0,0,0,0,0,0,0,0
	.db 0,0,0,0,0,0,0,0
	.db 0,0,0,0,0,0,0,0
	.db 0,0,0,0,0,0,0,0
	.db 0,0,0,0,0,0,0,0
	.db 0,0,0,0,0,0,0,0
	.db 0,0,0,0,0,0,0,0
	.db 0,0,0,0,0,0,0,0
	.db 0,0,0,0,0,0,0,0
	.db 0,0,0,0,0,0,0,0
	.db 0,0,0,0,0,0,0,0
	.db 0,0,0,0,0,0,0,0
	.db 0,0,0,0,0,0,0,0
	.db 0,0,0,0,0,0,0,0

	.db 0,0,0,0,0,0,0,0
	.db 0,0,0,0,0,0,0,0
	.db 0,0,0,0,0,0,0,0
	.db 0,0,0,0,0,0,0,0
	.db 0,0,0,0,0,0,0,0
	.db 0,0,0,0,0,0,0,0
	.db 0,0,0,0,0,0,0,0
	.db 0,0,0,0,0,0,0,0
	.db 0,0,0,0,0,0,0,0
	.db 0,0,0,0,0,0,0,0
	.db 0,0,0,0,0,0,0,0
	.db 0,0,0,0,0,0,0,0
	.db 0,0,0,0,0,0,0,0
	.db 0,0,0,0,0,0,0,0
	.db 0,0,0,0,0,0,0,0
	.db 0,0,0,0,0,0,0,0
	.db 0,0,0,0,0,0,0,0
	.db 0,0,0,0,0,0,0,0
	.db 0,0,0,0,0,0,0,0
	.db 0,0,0,0,0,0,0,0
	.db 0,0,0,0,0,0,0,0
	.db 0,0,0,0,0,0,0,0
	.db 0,0,0,0,0,0,0,0
	.db 0,0,0,0,0,0,0,0
	.db 0,0,0,0,0,0,0,0
	.db 0,0,0,0,0,0,0,0
	.db 0,0,0,0,0,0,0,0
	.db 0,0,0,0,0,0,0,0
	.db 0,0,0,0,0,0,0,0
	.db 0,0,0,0,0,0,0,0
	.db 0,0,0,0,0,0,0,0
	.db 0,0,0,0,0,0,0,0
	.db 0,0,0,0,0,0,0,0
	.db 0,0,0,0,0,0,0,0
	.db 0,0,0,0,0,0,0,0
	.db 0,0,0,0,0,0,0,0
	.db 0,0,0,0,0,0,0,0
	.db 0,0,0,0,0,0,0,0
	.db 0,0,0,0,0,0,0,0
	.db 0,0,0,0,0,0,0,0

	.db 0,0,0,0,0,0,0,0
	.db 0,0,0,0,0,0,0,0
	.db 0,0,0,0,0,0,0,0
	.db 0,0,0,0,0,0,0,0
	.db 0,0,0,0,0,0,0,0
	.db 0,0,0,0,0,0,0,0
	.db 0,0,0,0,0,0,0,0
	.db 0,0,0,0,0,0,0,0
	.db 0,0,0,0,0,0,0,0
	.db 0,0,0,0,0,0,0,0
	.db 0,0,0,0,0,0,0,0
	.db 0,0,0,0,0,0,0,0
	.db 0,0,0,0,0,0,0,0
	.db 0,0,0,0,0,0,0,0
	.db 0,0,0,0,0,0,0,0
	.db 0,0,0,0,0,0,0,0
	.db 0,0,0,0,0,0,0,0
	.db 0,0,0,0,0,0,0,0
	.db 0,0,0,0,0,0,0,0
	.db 0,0,0,0,0,0,0,0
	.db 0,0,0,0,0,0,0,0
	.db 0,0,0,0,0,0,0,0
	.db 0,0,0,0,0,0,0,0
	.db 0,0,0,0,0,0,0,0
	.db 0,0,0,0,0,0,0,0
	.db 0,0,0,0,0,0,0,0
	.db 0,0,0,0,0,0,0,0
	.db 0,0,0,0,0,0,0,0
	.db 0,0,0,0,0,0,0,0
	.db 0,0,0,0,0,0,0,0
	.db 0,0,0,0,0,0,0,0
	.db 0,0,0,0,0,0,0,0
	.db 0,0,0,0,0,0,0,0
	.db 0,0,0,0,0,0,0,0
	.db 0,0,0,0,0,0,0,0
	.db 0,0,0,0,0,0,0,0
	.db 0,0,0,0,0,0,0,0
	.db 0,0,0,0,0,0,0,0
	.db 0,0,0,0,0,0,0,0
	.db 0,0,0,0,0,0,0,0

	.db 0,0,0,0,0,0,0,0
	.db 0,0,0,0,0,0,0,0
	.db 0,0,0,0,0,0,0,0
	.db 0,0,0,0,0,0,0,0
	.db 0,0,0,0,0,0,0,0
	.db 0,0,0,0,0,0,0,0
	.db 0,0,0,0,0,0,0,0
	.db 0,0,0,0,0,0,0,0
	.db 0,0,0,0,0,0,0,0
	.db 0,0,0,0,0,0,0,0
	.db 0,0,0,0,0,0,0,0
	.db 0,0,0,0,0,0,0,0
	.db 0,0,0,0,0,0,0,0
	.db 0,0,0,0,0,0,0,0
	.db 0,0,0,0,0,0,0,0
	.db 0,0,0,0,0,0,0,0
	.db 0,0,0,0,0,0,0,0
	.db 0,0,0,0,0,0,0,0
	.db 0,0,0,0,0,0,0,0
	.db 0,0,0,0,0,0,0,0
	.db 0,0,0,0,0,0,0,0
	.db 0,0,0,0,0,0,0,0
	.db 0,0,0,0,0,0,0,0
	.db 0,0,0,0,0,0,0,0
	.db 0,0,0,0,0,0,0,0
	.db 0,0,0,0,0,0,0,0
	.db 0,0,0,0,0,0,0,0
	.db 0,0,0,0,0,0,0,0
	.db 0,0,0,0,0,0,0,0
	.db 0,0,0,0,0,0,0,0
	.db 0,0,0,0,0,0,0,0
	.db 0,0,0,0,0,0,0,0
	.db 0,0,0,0,0,0,0,0
	.db 0,0,0,0,0,0,0,0
	.db 0,0,0,0,0,0,0,0
	.db 0,0,0,0,0,0,0,0
	.db 0,0,0,0,0,0,0,0
	.db 0,0,0,0,0,0,0,0
	.db 0,0,0,0,0,0,0,0
	.db 0,0,0,0,0,0,0,0

	.db 0,0,0,0,0,0,0,0
	.db 0,0,0,0,0,0,0,0
	.db 0,0,0,0,0,0,0,0
	.db 0,0,0,0,0,0,0,0
	.db 0,0,0,0,0,0,0,0
	.db 0,0,0,0,0,0,0,0
	.db 0,0,0,0,0,0,0,0
	.db 0,0,0,0,0,0,0,0
	.db 0,0,0,0,0,0,0,0
	.db 0,0,0,0,0,0,0,0
	.db 0,0,0,0,0,0,0,0
	.db 0,0,0,0,0,0,0,0
	.db 0,0,0,0,0,0,0,0
	.db 0,0,0,0,0,0,0,0
	.db 0,0,0,0,0,0,0,0
	.db 0,0,0,0,0,0,0,0
	.db 0,0,0,0,0,0,0,0
	.db 0,0,0,0,0,0,0,0
	.db 0,0,0,0,0,0,0,0
	.db 0,0,0,0,0,0,0,0
	.db 0,0,0,0,0,0,0,0
	.db 0,0,0,0,0,0,0,0
	.db 0,0,0,0,0,0,0,0
	.db 0,0,0,0,0,0,0,0
	.db 0,0,0,0,0,0,0,0
	.db 0,0,0,0,0,0,0,0
	.db 0,0,0,0,0,0,0,0
	.db 0,0,0,0,0,0,0,0
	.db 0,0,0,0,0,0,0,0
	.db 0,0,0,0,0,0,0,0
	.db 0,0,0,0,0,0,0,0
	.db 0,0,0,0,0,0,0,0
	.db 0,0,0,0,0,0,0,0
	.db 0,0,0,0,0,0,0,0
	.db 0,0,0,0,0,0,0,0
	.db 0,0,0,0,0,0,0,0
	.db 0,0,0,0,0,0,0,0
	.db 0,0,0,0,0,0,0,0
	.db 0,0,0,0,0,0,0,0
	.db 0,0,0,0,0,0,0,0


; The following two first values are border and background
colora:
  .byte 6,255
	.db 0,0,0,0,0,0,0,0,0,0,0,0,0,0,0,0,0,0,0,0,0,0,0,0,0,0,0,0,0,0,0,0,0,0,0,0,0,0,0,0
	.db 0,0,0,0,0,0,0,0,0,0,0,0,0,0,0,0,0,0,0,0,0,0,0,0,0,0,0,0,0,0,0,16,16,0,0,0,0,0,0,0
	.db 16,1,1,16,16,16,16,0,0,0,1,16,0,16,16,16,0,0,0,0,16,1,16,0,0,1,16,0,0,16,16,16,16,16,16,16,1,16,16,16
	.db 0,16,16,0,0,16,1,16,0,16,16,16,0,0,16,1,16,0,0,16,16,16,0,0,16,16,16,0,0,16,16,0,0,0,16,0,1,0,0,16
	.db 0,16,16,0,0,0,16,16,0,16,16,1,0,0,16,16,16,0,0,16,16,16,0,0,16,16,1,0,16,1,0,0,0,0,0,0,1,0,16,16
	.db 0,16,16,0,0,0,16,16,16,16,0,16,16,0,16,16,16,16,16,16,16,16,0,16,16,0,16,16,16,1,0,0,0,0,0,0,1,16,16,16
	.db 0,16,16,0,0,16,1,16,16,16,16,16,16,0,16,0,16,1,16,16,16,16,0,16,16,16,16,16,16,1,16,0,16,16,1,16,1,0,0,16
	.db 0,16,16,0,16,16,16,0,16,0,0,0,1,16,16,0,0,16,16,0,16,16,0,16,0,0,0,1,16,16,1,16,0,16,16,16,1,0,0,16
	.db 16,16,16,16,16,16,0,16,16,16,0,16,16,16,16,16,0,16,0,0,16,16,16,16,16,0,16,16,16,0,16,16,16,16,16,16,16,16,16,16
	.db 0,0,0,0,0,0,0,0,0,0,0,0,0,0,0,0,0,0,0,0,0,0,0,0,0,0,0,0,0,0,0,0,0,0,0,0,0,0,0,0
	.db 0,0,0,0,0,0,0,0,0,0,0,0,0,0,0,0,0,0,0,0,0,0,0,0,0,0,0,0,0,0,0,0,0,0,0,0,0,0,0,0
	.db 0,0,0,0,0,0,0,0,0,0,0,0,0,0,0,0,0,0,0,0,0,0,0,0,0,0,0,0,0,0,0,0,0,0,0,0,0,0,0,0
	.db 0,0,0,0,0,0,0,0,0,0,0,0,0,0,0,0,0,0,0,0,0,0,0,0,0,0,0,0,0,0,0,0,0,0,0,0,0,0,0,0
	.db 0,0,0,0,0,0,0,0,0,0,0,0,0,0,0,0,0,0,0,0,0,0,0,0,0,0,0,0,0,0,0,0,0,0,0,0,0,0,0,0
	.db 0,0,0,0,0,0,0,0,0,0,0,0,0,0,0,0,0,0,0,0,0,0,0,0,0,0,0,0,0,0,0,0,0,0,0,0,0,0,0,0
	.db 0,0,0,0,0,0,0,0,0,0,0,0,0,0,0,0,0,0,0,0,0,0,0,0,0,0,0,0,0,0,0,0,0,0,0,0,0,0,0,0
	.db 0,0,0,0,0,0,0,0,0,0,0,0,0,0,0,0,0,0,0,0,0,0,0,0,0,0,0,0,0,0,0,0,0,0,0,0,0,0,0,0
	.db 0,0,0,0,0,0,0,0,0,0,0,0,0,0,0,0,0,0,0,0,0,0,0,0,0,0,0,0,0,0,0,0,0,0,0,0,0,0,0,0
	.db 0,0,0,0,0,0,0,0,0,0,0,0,0,0,0,0,0,0,0,0,0,0,0,0,0,0,0,0,0,0,0,0,0,0,0,0,0,0,0,0
	.db 0,0,0,0,0,0,0,0,0,0,0,0,0,0,0,0,0,0,0,0,0,0,0,0,0,0,0,0,0,0,0,0,0,0,0,0,0,0,0,0
	.db 0,0,0,0,0,0,0,0,0,0,0,0,0,0,0,0,0,0,0,0,0,0,0,0,0,0,0,0,0,0,0,0,0,0,0,0,0,0,0,0
	.db 0,0,0,0,0,0,0,0,0,0,0,0,0,0,0,0,0,0,0,0,0,0,0,0,0,0,0,0,0,0,0,0,0,0,0,0,0,0,0,0
	.db 0,0,0,0,0,0,0,0,0,0,0,0,0,0,0,0,0,0,0,0,0,0,0,0,0,0,0,0,0,0,0,0,0,0,0,0,0,0,0,0
	.db 0,0,0,0,0,0,0,0,0,0,0,0,0,0,0,0,0,0,0,0,0,0,0,0,0,0,0,0,0,0,0,0,0,0,0,0,0,0,0,0
	.db 0,0,0,0,0,0,0,0,0,0,0,0,0,0,0,0,0,0,0,0,0,0,0,0,0,0,0,0,0,0,0,0,0,0,0,0,0,0,0,0

